,genre,store_name,business_hours,address,url
0,カフェ,パフェとかき氷 CAFE NOOON 八王子駅店,"営業時間
11:30～23:00(L.O.22:30）、ランチタイムは〜15:00
日曜営業
定休日
無し　※年末年始除く",東京都八王子市東町12-8 長澤ビル 2F,https://tabelog.com/tokyo/A1329/A132904/13270146/
1,カフェ,コナズ珈琲 多摩ニュータウン店,"営業時間
[月～金]10:00～22:00(L.O.21:00)[土・日・祝]9:00～22:00(L.O.21:00)
日曜営業
定休日
無休",東京都八王子市別所2-40,https://tabelog.com/tokyo/A1329/A132904/13277491/
2,カフェ,ドトールコーヒーショップ 高尾駅前店,"営業時間
平日・土曜日 7:00 - 21:00 日曜日 8:00 - 20:00
日曜営業",東京都八王子市初沢町1231-16,https://tabelog.com/tokyo/A1329/A132905/13086780/
3,カフェ,琥珀双葉堂,"営業時間
11:30～24:00
定休日
日曜日",東京都八王子市南町2-3,https://tabelog.com/tokyo/A1329/A132904/13248642/
4,カフェ,八王子珈琲店,"営業時間
10:00～22:00※公式ホームページにも、分かりやすくお得な情報が満載です!!以下の『お店のホームページ』からお越しください♪
日曜営業
定休日
無",東京都八王子市三崎町4-11 2F,https://tabelog.com/tokyo/A1329/A132904/13196072/
5,カフェ,"My Home Coffee, Bakes, Beer","営業時間
11/18(水) より水〜土// 12:00 - 18:0017:00 コーヒーとフード オーダーストップ17:30 すべてのオーダーストップ日 // 12:00 - 17:0016:00 コーヒーとフード オーダーストップ16:30 すべてのオーダーストップ
日曜営業
定休日
月曜日、火曜日",東京都八王子市東浅川町1007-1,https://tabelog.com/tokyo/A1329/A132905/13262474/
6,カフェ,磯沼ミルクファーム,"営業時間
9:00～17:00
日曜営業
定休日
無休",東京都八王子市小比企町1625,https://tabelog.com/tokyo/A1329/A132904/13163921/
7,カフェ,ドトールコーヒーショップ 八王子北口駅前店,"営業時間
［月～金］6:30～22:00［土・日］7:00～22:00
日曜営業
定休日
無休",東京都八王子市旭町1-4 2F,https://tabelog.com/tokyo/A1329/A132904/13196834/
8,カフェ,パペルブルグ,"営業時間
10:00～19:00(L.O.18:30)
日曜営業
定休日
不定休",東京都八王子市鑓水530-1,https://tabelog.com/tokyo/A1329/A132904/13010298/
9,カフェ,タカオ 599カフェ,"営業時間
4月～11月11:00～17:00(L.O.16:30)12月～3月11:00～16:00(L.O.15:30)
日曜営業",東京都八王子市高尾町2435-3 TAKAO 599 MUSEUM,https://tabelog.com/tokyo/A1329/A132905/13188995/
10,カフェ,高尾山 天狗屋,,東京都八王子市高尾町2181,https://tabelog.com/tokyo/A1329/A132905/13171936/
11,カフェ,コメダ珈琲店 八王子駅北口店,"営業時間
7:00～22:00
日曜営業
定休日
無休",東京都八王子市東町10-3,https://tabelog.com/tokyo/A1329/A132904/13189066/
12,カフェ,スカイラウンジ クレア,"営業時間
10:00～22:00
日曜営業
定休日
不定休",東京都八王子市旭町9-1 八王子学園都市センター　１１Ｆ,https://tabelog.com/tokyo/A1329/A132904/13036701/
13,カフェ,ヴィ・マエストロ,"営業時間
11:00～19:00(L.O.18:30)
日曜営業
定休日
水曜日、日曜日",東京都八王子市初沢町1231-5 栄和ビル 2F,https://tabelog.com/tokyo/A1329/A132905/13187544/
14,カフェ,アフタヌーンティー・ティールーム  セレオ八王子,"営業時間
10:00～20:00
定休日
不定休（八王子駅ビルナウに準ずる）",東京都八王子市旭町1-1 セレオ八王子 北館3F,https://tabelog.com/tokyo/A1329/A132904/13091500/
15,カフェ,タリーズコーヒー 三井アウトレットパーク多摩南大沢店,"営業時間
■10:00～20:00――――――――――――■モーニングメニュー■10:00～11:30――――――――――――■ランチメニュー■11:30～売切次第終了(お昼過ぎには売切れる事が多いです)――――――――――――■ケーキセット■14:00～20:00
日曜営業
定休日
三井アウトレットパークに準ずる",東京都八王子市南大沢1-600 三井アウトレットパーク多摩南大沢 1F,https://tabelog.com/tokyo/A1329/A132904/13090632/
16,カフェ,ブラッスリー・バーゼル 京王八王子駅前店,"営業時間
[月～金]店内飲食（お食事）7:30～17:00(L.O)店内飲食（ケーキ・ドリンク）7:30～20:00(L.O)テイクアウト7:30～20:00（ドリンクは19:00まで）[土・日・祝]店内飲食（お食事）8:00～17:00(L.O)店内飲食（ケーキ・ドリンク）8:00～19:00(L.O)テイクアウト8:00～20:00（ドリンクは19:00まで）
日曜営業
定休日
無休（お正月を除く）",東京都八王子市明神町3-20-6 ファーストスクエアビル 1F,https://tabelog.com/tokyo/A1329/A132904/13086956/
17,カフェ,珈琲倶楽部 田,"営業時間
午前10時〜午後20時（L.O19:30）
日曜営業
定休日
年中無休（年末年始除く）",東京都八王子市横山町2-7 石川ビル　２Ｆ,https://tabelog.com/tokyo/A1329/A132904/13016410/
18,カフェ,サントス,"営業時間
9:00頃〜19:00
定休日
第３日曜日",東京都八王子市本町12-4,https://tabelog.com/tokyo/A1329/A132904/13087887/
19,カフェ,田園,"営業時間
9:00~20:00
定休日
日曜",東京都八王子市旭町2-7,https://tabelog.com/tokyo/A1329/A132904/13089403/
20,カフェ,スターバックスコーヒー フレンテ南大沢店,"営業時間
7:00～22:00
定休日
不定休",東京都八王子市南大沢2-1-6 フレンテ南大沢,https://tabelog.com/tokyo/A1329/A132904/13150412/
21,カフェ,サンマルクカフェ イーアス高尾店,"営業時間
10:00～21:00
日曜営業
定休日
年中無休",東京都八王子市東浅川町550-1 イーアス高尾 2F,https://tabelog.com/tokyo/A1329/A132904/13210124/
22,カフェ,アルカディア,"営業時間
カフェ11:30～15:00バー18:00～翌2:00
日曜営業
定休日
カフェ：月・木曜　バー：月曜",東京都八王子市千人町3-18-9,https://tabelog.com/tokyo/A1329/A132904/13096655/
23,カフェ,コメダ珈琲店 八王子楢原店,"営業時間
7:00～20:00
日曜営業
定休日
無休",東京都八王子市楢原町1247-3,https://tabelog.com/tokyo/A1329/A132904/13187644/
24,カフェ,Live&Cafe SAKURAYA,"営業時間
9:00～19:00
日曜営業
定休日
月曜日および第一火曜日",東京都八王子市八日町10-11,https://tabelog.com/tokyo/A1329/A132904/13171328/
25,カフェ,タカオサン ベース キャンプ カフェ バー,"営業時間
[Morning menu]7:30～10:00[GRAND menu]11:00～20:00(L.O.19:00)
日曜営業",東京都八王子市高尾町1799-3,https://tabelog.com/tokyo/A1329/A132905/13240565/
26,カフェ,スターバックス・コーヒー 八王子オクトーレ店,"営業時間
7:00～21:00［テイクアウト］7:00～22:00
日曜営業
定休日
無休",東京都八王子市旭町9-1 八王子オクトーレ 1F,https://tabelog.com/tokyo/A1329/A132904/13033652/
27,カフェ,カフェ 家和楽,"営業時間
11:00～20:00（L.O.19:15）
日曜営業
定休日
水曜・木曜",東京都八王子市大塚9-1 リヴェールイノウエ2F,https://tabelog.com/tokyo/A1329/A132903/13104332/
28,カフェ,一言堂,"営業時間
7:30～18:30
日曜営業
定休日
無休（元日のみお休み）",東京都八王子市高尾町1201-2 JR高尾駅北口改札横,https://tabelog.com/tokyo/A1329/A132904/13111505/
29,カフェ,喫茶室ルノアール 八王子北口駅前店,"営業時間
[月～金]7:30～22:00[土]7:30～22:00[日・祝]8:00～22:00
日曜営業
定休日
なし",東京都八王子市旭町7-1 豊栄第1ビル B1F,https://tabelog.com/tokyo/A1329/A132904/13175923/
30,カフェ,珈琲舎 バンビ,"営業時間
9:00～18:00
定休日
日曜日",東京都八王子市元本郷町2-2-17,https://tabelog.com/tokyo/A1329/A132904/13076144/
31,カフェ,スターバックス・コーヒー 元八王子店,"営業時間
7:00～23:00
定休日
不定休",東京都八王子市 元八王子町1-409-2,https://tabelog.com/tokyo/A1329/A132904/13133192/
32,カフェ,タカオ コーヒー,"営業時間
10:00～18:00
日曜営業
定休日
無休",東京都八王子市高尾町2400-1,https://tabelog.com/tokyo/A1329/A132905/13237197/
33,カフェ,Ao nui,,東京都八王子市大船町351-1,https://tabelog.com/tokyo/A1329/A132904/13241898/
34,カフェ,ふたこぶ食堂,"営業時間
12:00～17:00
定休日
不定休",東京都八王子市廿里町21-4,https://tabelog.com/tokyo/A1329/A132904/13170865/
35,カフェ,ロビーラウンジ,"営業時間
日～木：10:00～18:00(L.O.17:30)金・土：10:00～21:00(L.O.20:30)
日曜営業
定休日
なし",東京都八王子市旭町14-1 京王プラザホテル八王子 1F,https://tabelog.com/tokyo/A1329/A132904/13042245/
36,カフェ,AINA CAFE,"営業時間
月曜〜金曜　11:00〜15:00土日、祝日　9:00〜17:00土日、祝日　Morning  9:00〜11:00
日曜営業
定休日
年末年始",東京都八王子市横山町3-8 フィルパーク3F,https://tabelog.com/tokyo/A1329/A132904/13212368/
37,カフェ,TOKYO FARM VILLAGE FARM BASEL,"営業時間
[月～金]10:00～18:00(L.O.17:00)[土・日・祝]9:00～18:00(L.O.17:00)
日曜営業",東京都八王子市小比企町1673-1 TOKYO FARM VILLAGE,https://tabelog.com/tokyo/A1329/A132904/13277466/
38,カフェ,ねずみのこと,"営業時間
9:00～20:00
定休日
日曜・祝日",東京都八王子市明神町4-2-8,https://tabelog.com/tokyo/A1329/A132904/13111160/
39,カフェ,ダイコクヤ,"営業時間
12:00～21:00
定休日
月曜日",東京都八王子市高尾町1577,https://tabelog.com/tokyo/A1329/A132904/13123741/
40,カフェ,舶来茶屋 天正庵,"営業時間
12:00～23:00（L.O.22:30)
日曜営業
定休日
月曜日（祝日の場合は翌日）",東京都八王子市子安町1-29-1,https://tabelog.com/tokyo/A1329/A132904/13122070/
41,カフェ,Cafe&Meal MUJI セレオ八王子,"営業時間
10:00～21:00
定休日
不定休(セレオ八王子に準ずる)",東京都八王子市旭町1-1 セレオ八王子北館 4F,https://tabelog.com/tokyo/A1329/A132904/13148484/
42,カフェ,月待チ珈琲店,"営業時間
14:00～24:00
日曜営業
定休日
月曜日、火曜日",東京都八王子市片倉町2405-1,https://tabelog.com/tokyo/A1329/A132904/13250603/
43,カフェ,カフェ マリポーサ,,東京都八王子市高尾町1783-6,https://tabelog.com/tokyo/A1329/A132905/13191233/
44,カフェ,コーヒー・ブリックス,"営業時間
[金・土]    11:00～17:30(L.O.17:00)[日・祝]    13:00～17:30(L.O.17:00)
日曜営業
定休日
月・火・水・木",東京都八王子市片倉町2434,https://tabelog.com/tokyo/A1329/A132904/13016393/
45,カフェ,高尾山スミカ スミカテーブル,,東京都八王子市高尾町2281 高尾山スミカ,https://tabelog.com/tokyo/A1329/A132905/13223347/
46,カフェ,スターバックスコーヒー イーアス高尾店,,東京都八王子市東浅川町550-1 イーアス高尾,https://tabelog.com/tokyo/A1329/A132904/13209880/
47,カフェ,カフェリン,"営業時間
［水～土］12:00～17:30［日］12:00～17:00
日曜営業
定休日
月曜日、火曜日",東京都八王子市本町11-13 トーシン八王子本町1F,https://tabelog.com/tokyo/A1329/A132904/13129914/
48,カフェ,メイ デリカ&バー,"営業時間
12:00～17:00 18:00～22:00(Food L.O.20:00)
日曜営業
定休日
月曜日、火曜日",東京都八王子市南大沢3-9-5-103,https://tabelog.com/tokyo/A1329/A132904/13211502/
49,カフェ,町屋カフェ 金多屋,"営業時間
10:00～17:00(L.O.16:30)18:00～23:00(L.O.22:30)
定休日
日曜・祝日(土曜日は不定休あり)",東京都八王子市横山町1-11,https://tabelog.com/tokyo/A1329/A132904/13212365/
50,カフェ,ザ・ラウンジ,"営業時間
Café 11:00～20:00Bar 20:00～29:00
日曜営業
定休日
年末年始",東京都八王子市東町6-1 本村ビル 1F,https://tabelog.com/tokyo/A1329/A132904/13256748/
51,カフェ,atelier BASEL,"営業時間
9:30～20:00ブレックファスト9:30～11:20(LO)ランチ11:30～16:00(LO)カフェ9:30～19:30(LO)
日曜営業
定休日
無休",東京都八王子市上柚木2-7-5,https://tabelog.com/tokyo/A1329/A132904/13061398/
52,カフェ,ルパ 京王八王子店,"営業時間
7:00～21:00
日曜営業",東京都八王子市明神町3-27-1 京王八王子ショッピングセンター 1Ｆ,https://tabelog.com/tokyo/A1329/A132904/13136274/
53,カフェ,高倉町珈琲 みなみ野店,"営業時間
8:00～22:00(L.O.21:30)
日曜営業
定休日
無休",東京都八王子市みなみ野1-2-1 アクロスモール 1F,https://tabelog.com/tokyo/A1329/A132904/13183676/
54,カフェ,スターバックス コーヒー  サザンスカイタワー八王子店,"営業時間
7:00～22:00
日曜営業
定休日
無休",東京都八王子市子安町4-7-1 サザンスカイタワー八王子,https://tabelog.com/tokyo/A1329/A132904/13120106/
55,カフェ,珈琲俱楽部 田 CELEO八王子店,"営業時間
10:00～21:00
日曜営業
定休日
セレオ八王子に準ずる",東京都八王子市旭町1-1 セレオ八王子 北館 B1F,https://tabelog.com/tokyo/A1329/A132904/13148946/
56,カフェ,ボン ムー,"営業時間
[店舗]10:00～20:00[カフェ］10:00～18:00
定休日
日曜日",東京都八王子市明神町2-26-13,https://tabelog.com/tokyo/A1329/A132904/13176574/
57,カフェ,スターバックスコーヒー 多摩野猿街道店,"営業時間
7:00～23:00
定休日
不定休",東京都八王子市堀之内2-12-1,https://tabelog.com/tokyo/A1329/A132904/13147574/
58,カフェ,珈琲屋 柚子木庵,"営業時間
[月～金]10:00～17:00[土・日・祝]10:00～18:00
日曜営業
定休日
第一・三火曜",東京都八王子市別所1-69-1,https://tabelog.com/tokyo/A1329/A132904/13108697/
59,カフェ,ランプコーヒー,"営業時間
［月～金］11:00～21:00(L.O.20:15)［土・日・祝］11:00～19:00(L.O.)
定休日
不定休",東京都八王子市子安町1-8-4 恵比寿マンション 1F,https://tabelog.com/tokyo/A1329/A132904/13217847/
60,カフェ,カフェ・ベローチェ 八王子店,"営業時間
7:00～23:00
日曜営業
定休日
無休",東京都八王子市三崎町4-8 アーバン橋本ビル 1F・2F,https://tabelog.com/tokyo/A1329/A132904/13176961/
61,カフェ,セーヌ,"営業時間
10:00～17:00(L.O. 16:30)
日曜営業
定休日
月曜定休(祝日の場合は翌日など美術館休館日に準じる）",東京都八王子市谷野町492-1 東京富士美術館新館 1F,https://tabelog.com/tokyo/A1329/A132904/13109776/
62,カフェ,友愛珈琲店,"営業時間
9:30～18:00(L.O.17:30)
日曜営業
定休日
木曜日",東京都八王子市堀之内3-35-2,https://tabelog.com/tokyo/A1329/A132904/13087077/
63,カフェ,上島珈琲店 南大沢店,"営業時間
7:30～21:00
日曜営業
定休日
なし",東京都八王子市南大沢2-1-6 フレンテ南大沢 京王南大沢駅　2F,https://tabelog.com/tokyo/A1329/A132904/13074317/
64,カフェ,BECK'S COFFEE SHOP 八王子店,"営業時間
6:30～22:00 (STATION BOOTH のみ 7:00～21:30)
日曜営業
定休日
無休",東京都八王子市旭町1-1 JR八王子駅,https://tabelog.com/tokyo/A1329/A132904/13055262/
65,カフェ,ロードレスト,,東京都八王子市上川町3461-1,https://tabelog.com/tokyo/A1329/A132904/13235987/
66,カフェ,Park Side Cafe BASEL 富士森公園店,"営業時間
【平日】　9:00〜20:00モーニング　9:00〜10:45ラストオーダー通常のお食事メニュー　11:00〜17:00ラストオーダーカフェメニュー　9:00〜19:30ラストオーダー【土日祝】　8:00〜20:00モーニング　8:00〜10:45ラストオーダ通常のお食事メニュー　11:00〜17:00ラストオーダーカフェメニュー　8:00〜19:30ラストオーダー
日曜営業
定休日
無休",東京都八王子市台町3-13-4,https://tabelog.com/tokyo/A1329/A132904/13100288/
67,カフェ,TUBO CAFE,"営業時間
LunchTime 11:30～17:00Gastro Pub Time 17:00～22:30ラストオーダー22:00
日曜営業
定休日
不定休",東京都八王子市旭町12-6 ＪＯＥビル　３Ｆ,https://tabelog.com/tokyo/A1329/A132904/13032469/
68,カフェ,ドトールコーヒーショップ 石川パーキングエリア下り店,"営業時間
7:00～19:00
日曜営業
定休日
無休",東京都八王子市石川町2975,https://tabelog.com/tokyo/A1329/A132904/13086846/
69,カフェ,星乃珈琲店 八王子堀之内店,"営業時間
[平日]8:00～20:00（L.O.19:30）[土・日・祝]7:00～21:00（L.O.20:15）
日曜営業
定休日
なし",東京都八王子市堀之内2-2-8,https://tabelog.com/tokyo/A1329/A132904/13138117/
70,カフェ,スターバックスコーヒー 八王子宇津木店,"営業時間
7:00～22:00
日曜営業
定休日
不定",東京都八王子市宇津木町777-1,https://tabelog.com/tokyo/A1329/A132904/13263687/
71,カフェ,星乃珈琲店 南大沢店,"営業時間
8:00～21:00（L.O.20:30）",東京都八王子市南大沢2-213-2,https://tabelog.com/tokyo/A1329/A132904/13266809/
72,カフェ,カフェ シュシュ,"営業時間
[水曜日定休]11:00～20:00(L.O 19:00)状況による時短営業の場合もありますので詳しくはお電話にてご確認ください
日曜営業
定休日
水曜日",東京都八王子市高尾町1912,https://tabelog.com/tokyo/A1329/A132905/13245564/
73,カフェ,タカオネキッチン,"営業時間
▼モーニング8:00～11:00（L.O10:30）▼ランチ11:00～15:00（L.O14:30）▼ディナー【月～木・日曜日】8:00〜20:00（L.O19:00）【金・土曜日・祝前日】8:00〜21:00（L.O20:00）
日曜営業
定休日
無休",東京都八王子市高尾町2264,https://tabelog.com/tokyo/A1329/A132905/13259109/
74,カフェ,トゥーマイ,"営業時間
※コロナ禍につき営業時間が随時変更となりますのでご注意願います※当面の間、下記の営業時間となります【火〜木】<ランチ>11:30～15:00（L.O14:00）※ディナーの営業はお休みさせていただきます【金】<ランチ>11:30～15:00（L.O14:00）<ディナー>17:00～21:00（L.O20:00）【土日祝】11:30〜21:00（L.O20:00）
日曜営業
定休日
月曜日（祝日の場合もお休み）",東京都八王子市館町657,https://tabelog.com/tokyo/A1329/A132904/13097339/
75,カフェ,スターバックス コーヒー 京王八王子駅ビル店,"営業時間
7:00～22:00
日曜営業
定休日
不定休",東京都八王子市明神町3-27-1 京王八王子ショッピングセンター 1F,https://tabelog.com/tokyo/A1329/A132904/13204067/
76,カフェ,ヒル サイド カフェ バーゼル,"営業時間
7:00～21:00モーニング7:00～10:30カフェ7:00～20:30(L.O.)グランドメニュー11:00～19:30(L.O.)",東京都八王子市七国5-32-8,https://tabelog.com/tokyo/A1329/A132904/13246919/
77,カフェ,憩,,東京都八王子市三崎町2-10,https://tabelog.com/tokyo/A1329/A132904/13159593/
78,カフェ,高倉町珈琲 八王子店,"営業時間
7:00～23:00(L.O.22:30)
日曜営業
定休日
年中無休",東京都八王子市高倉町6-3,https://tabelog.com/tokyo/A1329/A132904/13156770/
79,カフェ,メゾン ド ヴェール セレオ八王子店,,東京都八王子市旭町1-1 セレオ八王子 北館 8F,https://tabelog.com/tokyo/A1329/A132904/13212105/
80,カフェ,コーヒーショップ キャメロット,"営業時間
10:00～18:00
日曜営業
定休日
水曜日",東京都八王子市東町2-5 TMビル 1F,https://tabelog.com/tokyo/A1329/A132904/13242902/
81,カフェ,TAKAO MOUNTAIN HOUSE,"営業時間
[月～日]11:00～18:00",東京都八王子市高尾町2217,https://tabelog.com/tokyo/A1329/A132905/13278491/
82,カフェ,山籟,"営業時間
11:00～15:0016:00～21:00(前日までの予約制で営業)
日曜営業
定休日
火曜日、水曜日",東京都八王子市裏高尾町789-5,https://tabelog.com/tokyo/A1329/A132905/13236278/
83,カフェ,スターバックスコーヒー セレオ八王子北館店,"営業時間
7:00～22:00
日曜営業
定休日
不定休(セレオ八王子に準ずる)",東京都八王子市旭町1-1 セレオ八王子 北館 2F,https://tabelog.com/tokyo/A1329/A132904/13186574/
84,カフェ,やえなもcafe,,東京都八王子市清川町26-5,https://tabelog.com/tokyo/A1329/A132904/13281326/
85,カフェ,うさぎまや&小さな森 Le Bois,"営業時間
10:00～19:00
日曜営業
定休日
火曜日、水曜日(祝日を除く)",東京都八王子市中野上町5-14-5,https://tabelog.com/tokyo/A1329/A132904/13267218/
86,カフェ,カフェ フランクス,,東京都八王子市台町2-18-15,https://tabelog.com/tokyo/A1329/A132904/13226858/
87,カフェ,Bistro×Cafe Reflotto,"営業時間
[月・火・水・日]12:00～22:00[金・土]12:00～24:00
日曜営業
定休日
木曜日",東京都八王子市中町9-7 Gヒルズ中町 2F,https://tabelog.com/tokyo/A1329/A132904/13283476/
88,カフェ,コーヒーショップ MORO,,東京都八王子市犬目町308-3,https://tabelog.com/tokyo/A1329/A132904/13275429/
89,カフェ,カフェ&バー バディー,"営業時間
12:00～22:00
定休日
月曜日、日曜日",東京都八王子市南町2-2 岡本ビル 1F,https://tabelog.com/tokyo/A1329/A132904/13248184/
90,カフェ,よこよんカフェ,"営業時間
11:00～17:00
定休日
月曜日、木曜日、日曜日",東京都八王子市横川町696,https://tabelog.com/tokyo/A1329/A132904/13207192/
91,カフェ,ハンドメイドカフェ SAKU,"営業時間
[月・木・金・土・日]11:00～19:00
日曜営業
定休日
火曜日、水曜日",東京都八王子市中野上町5-1-28,https://tabelog.com/tokyo/A1329/A132904/13282369/
92,カフェ,珈琲市場,"営業時間
8:00～15:00
日曜営業
定休日
水曜日、木曜日",東京都八王子市北野町584-30 八王子総合卸売センター,https://tabelog.com/tokyo/A1329/A132904/13262648/
93,カフェ,高尾山カフェ ぶなの木,,東京都八王子市高尾町2076,https://tabelog.com/tokyo/A1329/A132905/13261161/
94,カフェ,アップル アイ,"営業時間
10:00～20:00(L.O.19:00)",東京都八王子市八日町6-7 八王子エルシィ 1F,https://tabelog.com/tokyo/A1329/A132904/13188122/
95,カフェ,すまいる実験室,"営業時間
10:30～16:00(水は14:00まで)",東京都八王子市打越町2001-9 北野レインボービル 1F,https://tabelog.com/tokyo/A1329/A132904/13290348/
96,カフェ,チチ,,東京都八王子市高尾町1730-2,https://tabelog.com/tokyo/A1329/A132905/13174029/
97,カフェ,小麦工房 メリッサ,"営業時間
[木]14:30～17:30[金～日]13:00～17:30
日曜営業
定休日
月曜日、火曜日、水曜日",東京都八王子市台町3-18-10,https://tabelog.com/tokyo/A1329/A132904/13213551/
98,カフェ,アンリマティス,"営業時間
［火～土］11:00～18:00
定休日
月曜日、日曜日、祝日",東京都八王子市新町1-13,https://tabelog.com/tokyo/A1329/A132904/13087350/
99,カフェ,カフェ シュエット,"営業時間
10:00～15:00
定休日
月曜日、土曜日、日曜日、祝日",東京都八王子市大和田町5-8-8,https://tabelog.com/tokyo/A1329/A132904/13251279/
100,カフェ,cafeわだち,"営業時間
[火～日]10:30～19:00(L.O.18:30)
定休日
月曜日",東京都八王子市東浅川町527-5 メゾン・ド　ウエスト,https://tabelog.com/tokyo/A1329/A132904/13281773/
101,カフェ,日野オートプラザ2階喫茶室,"営業時間
10:00～16:00（入館 15:00まで）[第２・第4土]10:00～15:00
定休日
日野オートプラザ休館日（日曜および第1・第3土曜）",東京都八王子市みなみ野5-28-5 日野自動車21世紀センター,https://tabelog.com/tokyo/A1329/A132904/13107488/
102,カフェ,カフェ スヌーズ,"営業時間
11:30～19:00
日曜営業
定休日
木曜日",東京都八王子市台町1-14-16,https://tabelog.com/tokyo/A1329/A132904/13158359/
103,カフェ,カフェ コア,"営業時間
［月～金］8:00～16:00［第2・4・5土］8:00～15:00
定休日
日曜日、第1・3土曜日、祝日",東京都八王子市石川町1838 東海大学医学部付属八王子病院 2F,https://tabelog.com/tokyo/A1329/A132904/13175375/
104,カフェ,グァルダ楽,"営業時間
［月・木］11:00～15:00［金・土・日］11:00～15:0017:30～22:00
日曜営業
定休日
火曜日、水曜日",東京都八王子市元八王子町2-827-6,https://tabelog.com/tokyo/A1329/A132905/13131124/
105,カフェ,リズム,,東京都八王子市椚田町339,https://tabelog.com/tokyo/A1329/A132904/13088894/
106,カフェ,TOKYO EXIT Glamping Base,,東京都八王子市台町4-43 ローズハイツB&B棟 1F,https://tabelog.com/tokyo/A1329/A132904/13276754/
107,カフェ,フレンズゆぎ,,東京都八王子市下柚木2-18-16,https://tabelog.com/tokyo/A1329/A132904/13107073/
108,カフェ,カフェ&スクール エン,,東京都八王子市西片倉2-6-16 ラベニール 101,https://tabelog.com/tokyo/A1329/A132904/13226604/
109,カフェ,おうちcafe樹と葉っぱ,"営業時間
[木～土]10:00～17:00
定休日
月曜日、火曜日、水曜日、日曜日",東京都八王子市台町4-39-7 はいつひろ 1F,https://tabelog.com/tokyo/A1329/A132904/13188408/
110,カフェ,Take out kitchen 優ゆ家,"営業時間
10:30～日没
日曜営業
定休日
不定休(基本月曜日)",東京都八王子市長房町1582,https://tabelog.com/tokyo/A1329/A132904/13271123/
111,カフェ,花artテラス,"営業時間
11:30～16:00(L.O.15:30)
定休日
月曜日、日曜日、不定休",東京都八王子市片倉町1333-17,https://tabelog.com/tokyo/A1329/A132904/13291248/
112,カフェ,ティンクル,,東京都八王子市中野町2489-2,https://tabelog.com/tokyo/A1329/A132904/13232318/
113,カフェ,フィレンツェバール アドマーニ,"営業時間
[火〜金] 11:30〜14:00、18:00〜23:00 (LO 22:30)[月、土] 18:00〜23:00 (LO 22:30)（祝日は短縮営業の可能性）
定休日
日曜",東京都八王子市明神町4-14-2,https://tabelog.com/tokyo/A1329/A132904/13212027/
114,カフェ,休日大人カフェ,,東京都八王子市本町20-17,https://tabelog.com/tokyo/A1329/A132904/13245298/
115,カフェ,珈琲館 セレオ八王子店,"営業時間
10:00～21:00(L.O.20:30)
日曜営業
定休日
無休",東京都八王子市旭町1-1 セレオ八王子 北館 1F,https://tabelog.com/tokyo/A1329/A132904/13249036/
116,カフェ,喫茶 ぬくもりの森,"営業時間
[月・火・木・日]10:30～19:00※火曜日・木曜日は変則的な営業となりますので、ご来店前にお問い合わせください。[金・土]10:30～21:00
日曜営業
定休日
水曜日",東京都八王子市みなみ野3-27-23,https://tabelog.com/tokyo/A1329/A132904/13285289/
117,カフェ,ベン ベン カフェ 八王子みなみ野店,"営業時間

日曜営業",東京都八王子市みなみ野1-3-1 DCMホーマック,https://tabelog.com/tokyo/A1329/A132904/13255214/
118,カフェ,Experience,"営業時間
10:00～翌1:00(L.O.24:00)
日曜営業
定休日
無休",東京都八王子市八日町6-13,https://tabelog.com/tokyo/A1329/A132904/13266237/
119,カフェ,黒塀カフェ,"営業時間
11:00～18:00
定休日
月曜日",東京都八王子市中町9-12 小松ビル 1F,https://tabelog.com/tokyo/A1329/A132904/13284997/
120,カフェ,802CAFE,"営業時間

日曜営業",東京都八王子市八日町2-3 八王子スカイホテル 1F,https://tabelog.com/tokyo/A1329/A132904/13274674/
121,カフェ,森のアトリエ,,東京都八王子市上恩方町4603,https://tabelog.com/tokyo/A1329/A132905/13240289/
122,カフェ,煌,,東京都八王子市台町4-45-17,https://tabelog.com/tokyo/A1329/A132904/13226698/
123,カフェ,ドトールコーヒーショップ 北野駅前店,"営業時間
［月～金］7:00～20:00［土］7:30～20:00［日・祝］8:00～19:30
日曜営業
定休日
無休",東京都八王子市打越町344-5 クリヤマ北野ビル,https://tabelog.com/tokyo/A1329/A132904/13086742/
124,カフェ,金子園 楢原店,"営業時間
9:30～20:00
日曜営業
定休日
無休",東京都八王子市楢原町952-1 コピオ楢原スーパーアルプス 1F,https://tabelog.com/tokyo/A1329/A132904/13146249/
125,カフェ,カフェ・ド・クリエ イトーヨーカドー南大沢店,,東京都八王子市南大沢2-28-1 イトーヨーカドー南大沢店,https://tabelog.com/tokyo/A1329/A132904/13078692/
126,カフェ,クルーズ カフェ,"営業時間
10:30～17:30
日曜営業",東京都八王子市中野町2168-1,https://tabelog.com/tokyo/A1329/A132904/13261522/
127,カフェ,アペゴ,"定休日
不定休",東京都八王子市万町122-4,https://tabelog.com/tokyo/A1329/A132904/13125900/
128,カフェ,サクラ・カフェ,"営業時間
11:00～16:00
日曜営業
定休日
月曜日、火曜日",東京都八王子市西寺方町372-1 Sakura Town,https://tabelog.com/tokyo/A1329/A132905/13204546/
129,カフェ,北澤珈琲店,,東京都八王子市万町19-4,https://tabelog.com/tokyo/A1329/A132904/13255021/
130,カフェ,金子園 八王子店,"営業時間
10:00～18:00
定休日
不定休",東京都八王子市横山町6-5,https://tabelog.com/tokyo/A1329/A132904/13146248/
131,カフェ,自家焙煎珈琲 雫,"営業時間
9:00～17:00
日曜営業
定休日
月曜日、金曜日",東京都八王子市川口町1540-531,https://tabelog.com/tokyo/A1329/A132904/13257320/
132,カフェ,ファミカフェ ディープフォレスト,"営業時間
[火～金]11:00〜16:30（L.O.16:00）
定休日
土、日、月",東京都八王子市平岡町4-2,https://tabelog.com/tokyo/A1329/A132904/13091534/
133,カフェ,ロコハウス,,東京都八王子市叶谷町900-1,https://tabelog.com/tokyo/A1329/A132904/13089015/
134,カフェ,ドトールコーヒーショップ セレオ西八王子店,,東京都八王子市千人町2-21-1,https://tabelog.com/tokyo/A1329/A132904/13224442/
135,カフェ,メリー アンド ブライト,"営業時間
11:00～22:00【当面の間、短縮営業中】　　11:00～18:00 
日曜営業
定休日
毎週水曜日、第1第3火曜日",東京都八王子市台町1-20-15,https://tabelog.com/tokyo/A1329/A132904/13239421/
136,カフェ,アンセム,"営業時間
「月～土]7:30～23:00[朝活等ご利用時]7：30～[通常営業時間]11：00～[日・祝]12：00～23：00
日曜営業
定休日
不定休",東京都八王子市明神町3-10-6 イサムビル 1F,https://tabelog.com/tokyo/A1329/A132904/13178280/
137,カフェ,cafe aelu,,東京都八王子市松が谷11-6,https://tabelog.com/tokyo/A1327/A132702/13281325/
138,カフェ,Amnos,"営業時間
11:30～19:00
定休日
月曜日、日曜日",東京都八王子市中野町2686-11 2F,https://tabelog.com/tokyo/A1329/A132904/13180103/
139,カフェ,コスモス,"営業時間
平日10:00〜21:00土日10:00〜19:00
定休日
不定休",東京都八王子市子安町1-46-8,https://tabelog.com/tokyo/A1329/A132904/13075959/
140,カフェ,メリッサ,,東京都八王子市散田町2-7-32 フランセスチャーチ 2F,https://tabelog.com/tokyo/A1329/A132904/13081102/
141,カフェ,八木町キッチン せきもと屋,,東京都八王子市八木町4-3,https://tabelog.com/tokyo/A1329/A132904/13243039/
142,カフェ,タリーズコーヒー みなみ野店,"営業時間
[月～日]9:00～21:00
日曜営業
定休日
無休",東京都八王子市みなみ野1-7-7 蔦屋書店内,https://tabelog.com/tokyo/A1329/A132904/13244585/
143,カフェ,金子園 八王子駅前店,"営業時間
10:00～19:00
日曜営業
定休日
無休",東京都八王子市三崎町4-12,https://tabelog.com/tokyo/A1329/A132904/13146247/
144,カフェ,ママカフェ マハロハ,,東京都八王子市長房町450-1 コーポリバーサイド 2F,https://tabelog.com/tokyo/A1329/A132904/13190454/
145,カフェ,コーヒー喫茶ワンダ,"営業時間
5:00～14:00
定休日
水曜日、日曜日、祝日",東京都八王子市北野町584-21 八王子綜合卸売市場,https://tabelog.com/tokyo/A1329/A132904/13075956/
146,カフェ,リンコーヒー,"営業時間
［水・木・金］11:00～16:00［土・日・祝］11:00～18:00
日曜営業
定休日
月曜日、火曜日",東京都八王子市堀之内3-6-15,https://tabelog.com/tokyo/A1329/A132904/13132012/
147,カフェ,:CROPS,"営業時間
[月・水・木・金・土]11:30～22:00[日・祝]11:30～21:00
日曜営業
定休日
火曜日",東京都八王子市北野町545-5 エクセレントR&K 1F,https://tabelog.com/tokyo/A1329/A132904/13283424/
148,カフェ,Nakayasu Cafe,"営業時間
11：00～21：00（L.O　20：30）
日曜営業
定休日
無し（年末年始）",東京都八王子市暁町1-36-6,https://tabelog.com/tokyo/A1329/A132904/13288012/
149,カフェ,いけす,,東京都八王子市明神町4-2-10,https://tabelog.com/tokyo/A1329/A132904/13075807/
150,カフェ,デンファレ,,東京都八王子市館町1275,https://tabelog.com/tokyo/A1329/A132904/13282150/
151,カフェ,CBD cafe リーガルハイ,"営業時間
21:00～27:00",東京都八王子市中町4-11 DESIRビル 5F,https://tabelog.com/tokyo/A1329/A132904/13268555/
152,カフェ,モゼクソール,"営業時間
〔火〜金〕11：00～19：00（L.O,18：00）〔土〕12：00〜21：00（L.O,20：00）〔日〕12：00〜19：00（L.O,18：00）
日曜営業
定休日
毎週月曜日と第1・第3火曜日",東京都八王子市中野山王2-14-5 三和ドラックビル１Ｆ,https://tabelog.com/tokyo/A1329/A132904/13126501/
153,カフェ,和RK,,東京都八王子市台町4-43 ローズハイツ八王子B棟 1F,https://tabelog.com/tokyo/A1329/A132904/13161338/
154,カフェ,88+茶楼,"営業時間
[月～金]10:00～18:30[土]10:30～18:00
定休日
日曜日、祝日",東京都八王子市新町1-1,https://tabelog.com/tokyo/A1329/A132904/13283237/
155,カフェ,Tiger,,東京都八王子市子安町1-3-15 飯本ビル 1F,https://tabelog.com/tokyo/A1329/A132904/13179882/
156,カフェ,ドトールキッチン EneJet八王子ニュータウン店,"営業時間
7:00～21:00
日曜営業
定休日
無休",東京都八王子市小比企町1137‐1 エッソ八王子ニュータウン店,https://tabelog.com/tokyo/A1329/A132904/13132536/
157,カフェ,ぷらざ・デ・かたくり,"営業時間
11:00～17:00
日曜営業
定休日
月曜日(南大沢文化会館の休みに準じる)",東京都八王子市南大沢2-27,https://tabelog.com/tokyo/A1329/A132904/13140869/
158,カフェ,クリエイト,,東京都八王子市東町5-6,https://tabelog.com/tokyo/A1329/A132904/13087748/
159,カフェ,JUNK'y Guild,"営業時間
17:00～24:00（L.O.23:30）
日曜営業
定休日
水曜日",東京都八王子市子安町1-6-8,https://tabelog.com/tokyo/A1329/A132904/13121103/
160,カフェ,スーヴニールの森,"営業時間
［ランチメニュー］11:30～14:00［通常メニュー］11:30～17:00
定休日
日曜日、祝日",東京都八王子市打越町2013-1,https://tabelog.com/tokyo/A1329/A132904/13256081/
161,カフェ,Grasshopper,,東京都八王子市大横町1,https://tabelog.com/tokyo/A1329/A132904/13284456/
162,カフェ,さくら,,東京都八王子市狭間町1450-2,https://tabelog.com/tokyo/A1329/A132904/13129679/
163,カフェ,野良犬茶屋,,東京都八王子市暁町3-5-11,https://tabelog.com/tokyo/A1329/A132904/13149935/
164,カフェ,ワンプレートカフェ DELI'S,"営業時間
11:00～20:00",東京都八王子市明神町3-27-1 京王八王子ショッピングセンター,https://tabelog.com/tokyo/A1329/A132904/13262563/
165,カフェ,ドトールコーヒーショップ エッソ多摩ニュータウン店,"営業時間
4:00～翌3:00
日曜営業
定休日
無休",東京都八王子市松木33‐14,https://tabelog.com/tokyo/A1329/A132904/13132535/
166,カフェ,ルパ 堀之内店,"営業時間
[月～土]7:00～21:00[日・祝]7:00～20:00
日曜営業
定休日
元旦",東京都八王子市堀之内3-24-48 堀之内駅,https://tabelog.com/tokyo/A1329/A132904/13136276/
167,カフェ,路樹,"営業時間
10:00-21:00[ランチタイム]11:30-15:00（火～金）[Dog OK]14:30-
日曜営業
定休日
月曜、最終日曜",東京都八王子市大和田町1-20-1,https://tabelog.com/tokyo/A1329/A132904/13076516/
168,カフェ,珈琲自家焙煎の店 ふじだな,"営業時間
10:00～19:00
日曜営業
定休日
火曜日、水曜日、木曜日",東京都八王子市裏高尾町1254,https://tabelog.com/tokyo/A1329/A132905/13042335/
169,カフェ,鳥山カフェ,"営業時間
11:00～17:00
定休日
月曜日、木曜日、金曜日、土曜日、日曜日",東京都八王子市長沼町587 鎌田鳥山 2F,https://tabelog.com/tokyo/A1329/A132904/13273501/
170,カフェ,スターバックスコーヒー 中央大学店,"営業時間
[月～金]8:00～19:00[土] 8:00～17:00[2023年4月28日・2023年5月8日～2023年5月12日]10:30～17:30
定休日
日曜日、祝日、臨時休業(2023年5月1日、2023年5月2日、2023年5月6日)",東京都八王子市東中野742-1,https://tabelog.com/tokyo/A1329/A132903/13214101/
171,カフェ,うたごえ喫茶スイングロード,,東京都八王子市横山町2-7,https://tabelog.com/tokyo/A1329/A132904/13091164/
172,カフェ,金子園 北野店,"営業時間
10:00～20:00
日曜営業
定休日
無休",東京都八王子市打越町335-1 京王リナード北野,https://tabelog.com/tokyo/A1329/A132904/13146270/
173,カフェ,カフェ 小鹿,"営業時間
[月・火・木・金・土]11:00～17:30
定休日
水曜日、日曜日",東京都八王子市万町122-1,https://tabelog.com/tokyo/A1329/A132904/13261058/
174,カフェ,オルム,"営業時間
10：00～19：00
日曜営業
定休日
不定休",東京都八王子市初沢町1227-4,https://tabelog.com/tokyo/A1329/A132905/13075847/
175,カフェ,珈琲鳴館 八王子店,"営業時間
10:00～19:00
日曜営業
定休日
月曜日",東京都八王子市椚田町572-1,https://tabelog.com/tokyo/A1329/A132904/13250860/
176,カフェ,ドマ・カフェ？,"営業時間
[月・火・木・金・土] 11:30～16:00 18:00～24:00［水］11:30～16:00 19:00～24:00［日］11:30～24:00
日曜営業
定休日
無休",東京都八王子市明神町3-14-8,https://tabelog.com/tokyo/A1329/A132904/13205079/
177,カフェ,東京造形大学 カフェ,"営業時間
11:00～18:00
定休日
土曜日、日曜日",東京都八王子市宇津貫町1556 10号館,https://tabelog.com/tokyo/A1329/A132904/13284686/
178,カフェ,Kona Kope,,東京都八王子市大和田町5-1-21 エコタウン1番館 B1F,https://tabelog.com/tokyo/A1329/A132904/13258391/
179,カフェ,カフェ ブリッコ カインズ八王子長房店,"営業時間
10:00～19:00(L.O.18:45)
日曜営業
定休日
不定休(カインズ八王子長房店に準ずる)",東京都八王子市長房町340-39 カインズ八王子長房店,https://tabelog.com/tokyo/A1329/A132904/13260131/
180,カフェ,CBD cafe リーガルハイ,"営業時間
21:00～27:00",東京都八王子市中町4-11 DESIRビル 5F,https://tabelog.com/tokyo/A1329/A132904/13268554/
181,カフェ,Tengu Coffee TAKAOSAN,"営業時間
[水～日]11:00～18:00
定休日
月曜日、火曜日",東京都八王子市館町657,https://tabelog.com/tokyo/A1329/A132904/13276674/
182,カフェ,自家焙煎珈琲屋 メリーズカフェ,,東京都八王子市上恩方町2030 夕やけ小やけふれあいの里,https://tabelog.com/tokyo/A1329/A132905/13238330/
183,カフェ,BASEL×TAKAO COFFEE コピオ長房店,"営業時間
9:00～20:00
日曜営業
定休日
無休",東京都八王子市長房町341-26 コピオ長房店 1F,https://tabelog.com/tokyo/A1329/A132904/13258911/
184,カフェ,喫茶フィーカ,"営業時間
10:00～18:00(L.O.17:30)
定休日
月曜日、日曜日",東京都八王子市片倉町1221-24,https://tabelog.com/tokyo/A1329/A132904/13287271/
185,カフェ,BRING CIRCULAR TAKAO,"営業時間
[水・木・金]11:00～19:00[土・日・祝]9:00～19:00
日曜営業
定休日
月曜日、火曜日",東京都八王子市高尾町2219,https://tabelog.com/tokyo/A1329/A132905/13290569/
186,カフェ,YutaCafe & DivaRoaster,,東京都八王子市別所2-12-1,https://tabelog.com/tokyo/A1329/A132904/13288602/
187,カフェ,アゴスト,"営業時間
[月〜木]18:00〜25:00(24:30Ｌ.O.)[金・土] 18:00～26:00(25:30L.O.)
定休日
日曜祝日   お盆、年末年始",東京都八王子市中町9-10 ひまわりビル２F,https://tabelog.com/tokyo/A1329/A132904/13037053/
188,カフェ,Cafe Myrtille,"営業時間
11:30～18:00
定休日
月曜日、日曜日、祝日",東京都八王子市大和田町1-14-17,https://tabelog.com/tokyo/A1329/A132904/13148805/
189,カフェ,プレナコーヒー,"営業時間
9:30～19:00（L.O 18:30）
日曜営業
定休日
月曜日、火曜日",東京都八王子市横山町6-9 丸多屋ビル 1F,https://tabelog.com/tokyo/A1329/A132904/13286732/
190,カフェ,ケルティック・ムーン,,東京都八王子市高尾町1783-6,https://tabelog.com/tokyo/A1329/A132905/13278358/
191,カフェ,Cafe Gallery BOJO,"営業時間
[木〜月]10:30～16:00現在、金土日のみ営業しています。
日曜営業
定休日
火曜日、水曜日",東京都八王子市南大沢2-220-5 セシル01 1F,https://tabelog.com/tokyo/A1329/A132904/13253641/
192,カフェ,館コーヒーハウス,,東京都八王子市高尾町1929-1,https://tabelog.com/tokyo/A1329/A132905/13078391/
193,カフェ,83kitchen,"営業時間
10:30-15:00(L,O14:30)
定休日
日曜日",東京都八王子市みつい台2-2-5,https://tabelog.com/tokyo/A1329/A132904/13260174/
194,カフェ,たねカフェ,,東京都八王子市八日町7-18,https://tabelog.com/tokyo/A1329/A132904/13192043/
195,カフェ,金照庵,"営業時間
[月・火・金～日]10:00～16:30
日曜営業
定休日
水曜・木曜・第3日曜（寺の公務で変更あり）",東京都八王子市台町3-18-28,https://tabelog.com/tokyo/A1329/A132904/13243151/
196,カフェ,CBD CAFE リーガルハイ,"営業時間
21:00～翌3:00",東京都八王子市中町4-11 DESIRビル 5F,https://tabelog.com/tokyo/A1329/A132904/13268556/
197,カフェ,Harry's village,,東京都八王子市椚田町592-17 リッツクヌギダ 1F,https://tabelog.com/tokyo/A1329/A132904/13255775/
198,カフェ,cafe 5,"営業時間
11:00～19:00
定休日
不定休",東京都八王子市めじろ台1-9-1,https://tabelog.com/tokyo/A1329/A132904/13153708/
199,カフェ,アンジュ,"営業時間
10:00～19:00（モーニングは10:00～11:30）（ランチは日曜祝日除く11:30～14:00）
定休日
水曜、日曜",東京都八王子市越野22-10,https://tabelog.com/tokyo/A1329/A132904/13087338/
200,カフェ,KAFE土曜日,"営業時間
13:00～18:00(L.O.)
定休日
月曜日、火曜日、水曜日、木曜日、金曜日、日曜日",東京都八王子市千人町2-4-17,https://tabelog.com/tokyo/A1329/A132904/13276318/
201,カフェ,ふじむら珈琲 ベーカリーカフェ大和田,,東京都八王子市大和田町5-1-21 エコタウン B1F,https://tabelog.com/tokyo/A1329/A132904/13220985/
202,カフェ,ドトールコーヒーショップ 東京医科大学八王子医療センター店,"営業時間
[月～金]7:00～18:00[土・日・祝]11:00～15:00 
日曜営業
定休日
第1・3・5土曜日・日曜日",東京都八王子市館町1163 東京医科大学八王子医療センター,https://tabelog.com/tokyo/A1329/A132904/13199713/
203,カフェ,ヤスタケ,,東京都八王子市八幡町12-11,https://tabelog.com/tokyo/A1329/A132904/13113105/
204,カフェ,家CAFE,,東京都八王子市西寺方町732-5 2F,https://tabelog.com/tokyo/A1329/A132904/13162107/
205,カフェ,カフェ グラーノ,,東京都八王子市北野町547-20,https://tabelog.com/tokyo/A1329/A132904/13195579/
206,カフェ,馬天使,"営業時間
12:00～20:00
定休日
日曜日",東京都八王子市中野上町4-29-16,https://tabelog.com/tokyo/A1329/A132904/13227018/
207,カフェ,モデスト,"営業時間
10:30～18:30
定休日
月曜日、日曜日(他不定休あり)",東京都八王子市元横山町3-5-4,https://tabelog.com/tokyo/A1329/A132904/13149762/
208,カフェ,オンガタVIEW,"営業時間
10:00～16:30
日曜営業
定休日
水曜日",東京都八王子市上恩方町2030 夕やけ小やけふれあいの里,https://tabelog.com/tokyo/A1329/A132905/13262566/
209,カフェ,MUCHA CAFE,"営業時間
[月]定休日[火〜日]12:00〜15:00 / 17:00〜22:00
日曜営業
定休日
月曜日",東京都八王子市三崎町2-3 サンキョウビル 2F,https://tabelog.com/tokyo/A1329/A132904/13285923/
210,カフェ,喫茶Coda,"営業時間
12:00～17:00
定休日
水曜日、土曜日、日曜日",東京都八王子市子安町4-2-11,https://tabelog.com/tokyo/A1329/A132904/13212076/
211,カフェ,新藤珈琲店,,東京都八王子市万町80-1,https://tabelog.com/tokyo/A1329/A132904/13244305/
212,カフェ,金子園 狭間店,"営業時間
10:00～21:00
日曜営業
定休日
無休",東京都八王子市狭間町1462-1 イトーヨーカドー八王子店 1F,https://tabelog.com/tokyo/A1329/A132904/13146250/
213,カフェ,カフェ ティー ローズ,,東京都八王子市初沢町1306,https://tabelog.com/tokyo/A1329/A132905/13180077/
214,カフェ,倶楽部375,,東京都八王子市元八王子町3-2148-5,https://tabelog.com/tokyo/A1329/A132905/13130506/
215,カフェ,アン,"営業時間
9:00～21:00
日曜営業
定休日
水曜日",東京都八王子市めじろ台3-1-2,https://tabelog.com/tokyo/A1329/A132904/13087332/
216,カフェ,カフェ レスト,,東京都八王子市狭間町1456 家電住まいる館YAMADA八王子高尾店,https://tabelog.com/tokyo/A1329/A132904/13238881/
217,カフェ,リナジェムス,"営業時間
11：00～17：00（ランチタイム11：30～14：00）
定休日
土・日・祝",東京都八王子市明神町3-8-13 レトワル明神町 2F,https://tabelog.com/tokyo/A1329/A132904/13131772/
218,カフェ,キッチン・セン,"営業時間
11:00～14:00
定休日
土曜日、日曜日、祝日",東京都八王子市明神町3-8-16 銀輪ビル 1F,https://tabelog.com/tokyo/A1329/A132904/13203122/
219,カフェ,カフェテリア,"営業時間
平日・土曜：09:00～16:40日曜・祝日：13:00～16:40
日曜営業",東京都八王子市大和田町1-7-23 外来奥　１F,https://tabelog.com/tokyo/A1329/A132904/13125809/
220,カフェ,森の中 ランペット,"営業時間
9:00～16:00(早締めあり)
日曜営業
定休日
月曜日",東京都八王子市小津町718,https://tabelog.com/tokyo/A1329/A132905/13257353/
221,カフェ,海の塔,,東京都八王子市元八王子町3-2571,https://tabelog.com/tokyo/A1329/A132905/13130505/
222,カフェ,Dia.coffee,"営業時間
8:00～18:00
日曜営業
定休日
水曜日",東京都八王子市明神町4-2-20,https://tabelog.com/tokyo/A1329/A132904/13289788/
223,カフェ,カフェ　コトン,"営業時間
平日10:00～19:00日祝日10:00～19:00
日曜営業",東京都八王子市打越町347-2,https://tabelog.com/tokyo/A1329/A132904/13087534/
224,カフェ,喫茶オーレ,"営業時間
11:00～16:00
定休日
水曜日、土曜日、日曜日　（インスタグラムにて要確認）",東京都八王子市散田町3-10-12,https://tabelog.com/tokyo/A1329/A132904/13269297/
225,カフェ,ビーンズ　タイム,"営業時間
【営業時間】11:00～17：30 (通常）臨時休業はHPでお知らせ致します。
日曜営業
定休日
月・火曜日",東京都八王子市七国3-1-3,https://tabelog.com/tokyo/A1329/A132904/13144192/
226,カフェ,あずきカフェ,"営業時間

日曜営業",東京都八王子市緑町604-1 ハイブリッジマンション 1F,https://tabelog.com/tokyo/A1329/A132904/13141448/
227,カフェ,Spice Garage,,東京都八王子市八幡町4-11 オーベルグランディオ八王子エアーズ 1F,https://tabelog.com/tokyo/A1329/A132904/13277149/
228,カフェ,COCO CAFE,,東京都八王子市小宮町1157-50,https://tabelog.com/tokyo/A1329/A132904/13264265/
229,カフェ,宝蓮華,"営業時間
10:00～18:00
定休日
水曜日・日曜日・祝日",東京都八王子市明神町2-26-10 橋本ビル　２Ｆ,https://tabelog.com/tokyo/A1329/A132904/13123856/
230,カフェ,カフェ アスル,,東京都八王子市石川町95-10,https://tabelog.com/tokyo/A1329/A132904/13226936/
231,カフェ,ハチウェルラボカフェ,"営業時間
10:00～16:00
定休日
日曜日・祝日",東京都八王子市元本郷町4-13-3,https://tabelog.com/tokyo/A1329/A132904/13216170/
232,カフェ,リーフカフェ,"営業時間
11:00～16:00
定休日
土曜日、日曜日",東京都八王子市東中野742-1 中央大学多摩キャンパス Cスクエア,https://tabelog.com/tokyo/A1329/A132903/13200804/
233,カフェ,喫茶パティオ,"営業時間
月～土　10:30～21:00
定休日
日曜・祝日は不定休",東京都八王子市明神町3-14-8,https://tabelog.com/tokyo/A1329/A132904/13154259/
234,カフェ,cafe quatre,"営業時間
[月～金]11:00～17:00[土]11:00～15:00
定休日
日曜日、祝日",東京都八王子市八日町1-4,https://tabelog.com/tokyo/A1329/A132904/13264109/
235,カフェ,茜,,東京都八王子市狭間町1455-3,https://tabelog.com/tokyo/A1329/A132904/13078281/
236,カフェ,子ども食堂カフェ北野,"営業時間
[月～水・金]6:45～8:30[木]11:30～15:30
定休日
土曜日、日曜日、祝日",東京都八王子市北野町547-12,https://tabelog.com/tokyo/A1329/A132904/13277712/
237,カフェ,シルクロード,,東京都八王子市下柚木2-9-11 シルキーパレスⅡ 1F,https://tabelog.com/tokyo/A1329/A132904/13076018/
238,カフェ,カフェ イコライ,,東京都八王子市子安町1-32-5,https://tabelog.com/tokyo/A1329/A132904/13229789/
239,カフェ,水タバコcafe&bar Shi-Shark,"営業時間
［月・火・水・木・日］14:00～翌3:00［金・土］14:00～翌5:00",東京都八王子市三崎町6-16 キャッスルビル88 2号館,https://tabelog.com/tokyo/A1329/A132904/13272890/
240,カフェ,LinNa healthy lifestyle,"営業時間
[火・水・金]11:00～16:00[土]10:00～16:00
定休日
月曜日、木曜日、日曜日",東京都八王子市南大沢2-204-8,https://tabelog.com/tokyo/A1329/A132904/13278818/
241,カフェ,nao cafe,"営業時間
[月～土]10:00～19:00
定休日
日曜日",東京都八王子市上柚木1784-22⁡,https://tabelog.com/tokyo/A1329/A132904/13268454/
242,カフェ,いまここcafe 杜丸,,東京都八王子市廿里町21-4,https://tabelog.com/tokyo/A1329/A132904/13152293/
243,カフェ,Cafe Dining ICHIFU,"営業時間
[水・木・金]11:30～14:0017:00～22:00[土・日]17:00～22:00
日曜営業
定休日
月曜日、火曜日",東京都八王子市石川町2102-9,https://tabelog.com/tokyo/A1329/A132904/13290134/
244,カフェ,オレオール☆,"営業時間
[月〜金]7:30〜20:00
定休日
土曜日、日曜日",東京都八王子市散田町3-1-7,https://tabelog.com/tokyo/A1329/A132904/13290848/
245,カフェ,歌カフェ スイングロード,,東京都八王子市横山町2-7 石川ビル B1F,https://tabelog.com/tokyo/A1329/A132904/13193238/
246,カフェ,タンポポⅡ,,東京都八王子市台町4-39-8,https://tabelog.com/tokyo/A1329/A132904/13076057/
247,カフェ,升階茶寮,"営業時間
[火・水・木・金・土]14:00～21:00(L.O.20:00)[日]14:00～19:00(L.O.18:00)
日曜営業
定休日
月曜日、第2・4日曜日、不定休",東京都八王子市寺町29-12 メゾン・ド・ミリオン202,https://tabelog.com/tokyo/A1329/A132904/13100486/
248,カフェ,カフェ&レストラン メゾピアノ,"営業時間
［月～土］(モーニング)7:00～11:00(ランチ)11:00～14:30(ディナー)16:30～22:00
定休日
日曜日、年末年始",東京都八王子市大和田町6-1-12 カレッジタウン 3号棟,https://tabelog.com/tokyo/A1329/A132904/13247561/
249,カフェ,Noroc,,東京都八王子市楢原町376-3,https://tabelog.com/tokyo/A1329/A132904/13280967/
250,カフェ,珈琲生活館,"営業時間
10:00～18:30
日曜営業
定休日
第2水曜日、火曜日",東京都八王子市中野山王2-3-28,https://tabelog.com/tokyo/A1329/A132904/13089623/
251,カフェ,西風館,"営業時間
13:00～17:00
定休日
日、月、火曜日",東京都八王子市千人町2-3-4,https://tabelog.com/tokyo/A1329/A132904/13121595/
252,カフェ,ほほえみ,"営業時間
10:30～14:00(料理L.O.13:00 ドリンクL.O.13:30)
日曜営業
定休日
第1月曜日",東京都八王子市北野町596-3 あったかホール,https://tabelog.com/tokyo/A1329/A132904/13076220/
253,カフェ,CAFÉ Ocappa,"営業時間
11:30～17:00
定休日
月曜日、火曜日、日曜日",東京都八王子市明神町4-13-10,https://tabelog.com/tokyo/A1329/A132904/13258859/
254,カフェ,きゅうしょくのおばさんカフェテリア,,東京都八王子市明神町3-26-1 渋谷ビル1F,https://tabelog.com/tokyo/A1329/A132904/13131760/
255,カフェ,メイカーズミキサー ムク,,東京都八王子市明神町2-14-12,https://tabelog.com/tokyo/A1329/A132904/13242546/
256,カフェ,cafe こすもす,"営業時間
[月～土]9:30～18:30
定休日
日曜日",東京都八王子市片倉町440-15,https://tabelog.com/tokyo/A1329/A132904/13107075/
257,カフェ,ROSSO CAFE,"営業時間
11:00～19:00
日曜営業
定休日
無休",東京都八王子市大横町2-9,https://tabelog.com/tokyo/A1329/A132904/13283285/
258,カフェ,Coffee Live,"営業時間
10:00～18:00 
日曜営業
定休日
火曜日、水曜日、木曜日",東京都八王子市絹ヶ丘2-10-9,https://tabelog.com/tokyo/A1329/A132904/13104465/
259,カフェ,ノーネームコーヒー,,東京都八王子市散田町4-12-5,https://tabelog.com/tokyo/A1329/A132904/13209345/
260,カフェ,ワンデイコーヒースタンド,"営業時間
[月・火]12:00～18:00[木～日]10:00～18:00
日曜営業
定休日
水曜日",東京都八王子市初沢町1277-8,https://tabelog.com/tokyo/A1329/A132905/13255409/
261,カフェ,金子園 南大沢店,"営業時間
10:00～22:00
日曜営業
定休日
無休",東京都八王子市南大沢2-28-1 イトーヨーカドー南大沢店 1F,https://tabelog.com/tokyo/A1329/A132904/13146269/
262,カフェ,カフェ タゴール,,東京都八王子市丹木町1-514-15,https://tabelog.com/tokyo/A1329/A132904/13213399/
263,カフェ,エイコーンカフェ,,東京都八王子市南大沢1-1 首都大学東京 南大沢キャンパス,https://tabelog.com/tokyo/A1329/A132904/13210802/
